50531
50858
50979
51844
52237
52268
52379
52449
52477
52478
52739
53139
54374
54408
54599
54656
54705
54786
54804
54826
54864
54869
55091
55093
55096
55189
55306
55484
55625
55627
55676
55685
55748
55754
55760
55785
55901
56017
56094
56129
56308
56841
57026
57076
57087
57177
57483
57518
57519
57543
57647
57665
57666
57671
58123
58124
58194
58267
58719
58730
58768
59703
59738
60186
60508
60829
61208
61552
62022
63130
64581
65476
65773
66316
66345
66484
66873
67070
73751
80802
81213
81633
81649
81650
81652
82210
82258
85166
88193
89396
92200
92849
92850
92851
92852
93488
93489
93490
93493
93494
93495
93496
93497
93498
93499
93815
93831
94282
94390
99335
104570
104834
104842
104862
105312
106534
107125
113067
113068
113069
113070
121471
122811
123057
126047
126048
126049
126050
126051
126053
126054
126055
126056
126058
126059
126060
126061
126062
126063
126064
126066
126067
126068
126069
127409
131155
131643
131693
132797
134579
134732
134769
134770
134771
134773
134942
134943
134944
134947
134949
134950
136419
140225
142609
142621
142633
144743
144761
144762
144764
144792
144802
144803
148776
148777
148778
148779
148780
148781
148782
149287
149289
149290
149292
149294
149296
149298
149300
149302
149303
149304
149306
149308
149310
149312
149314
149316
149318
149320
149322
149324
149326
149327
149329
149330
149331
149332
149333
149335
183601
188006
191092
193704
194746
194763
197792
197793
198166
199832
199833
203893
205674
206111
208132
217775
218167
219138
219165
219518
219520
219521
219528
219530
219531
219634
219636
219637
221285
225421
227397
227705
227735
227904
230042
252527
253613
264527
264560
264637
264638
264654
264655
264675
264696
264747
266962
269043
269660
270891
288115
299452
314736
314742
317753
326452
326453
326454
326455
326456
326457
326961
327024
328711
358402
358423
358424
358425
358426
358430
358431
358432
370797
399460
399825
400973
400974
400975
400976
400977
407135
407568
413346
418043
418044
418045
418049
418050
418051
418052
418121
418122
418123
418124
418125
418126
418127
418128
418129
418130
418131
418132
418133
418134
418135
418136
418137
418138
418139
418140
418141
418142
418143
418144
418145
418146
418147
418148
418149
418150
418151
418152
418153
418154
418155
418156
418157
418158
418159
418160
418161
418162
418163
418164
418166
418167
418168
418169
418170
418171
418172
418173
418174
418175
418176
418177
418180
418181
418182
418183
418184
418185
418186
418187
418188
418189
418190
418191
418192
418193
418194
418195
418196
418197
418198
418199
418200
418201
418202
418203
418204
418205
418206
418210
418211
418212
418231
422431
422500
425286
438371
438379
438810
438814
438838
441520
441524
441706
472488
476453
476454
476455
476456
476457
476458
476459
476460
476461
476462
476464
476465
476466
476467
484834
510745
510762
510781
510812
526589
536359
536376
547745
548676
549337
549343
552270
552382
586871
587006
587007
592293
596236
602063
602083
602332
603115
603189
604005
610293
610294
615929
615939
615941
618952
619048
619066
619069
619114
633713
659147
665746
665752
665753
666119
666242
667122
668234
668235
669527
671039
672406
673112
676969
678290
679305
687655
687656
687658
687659
687660
687661
687668
690574
690654
690656
692881
693766
693924
694041
696102
696103
700897
701387
701390
701576
702064
703969
704257
704454
704618
704619
704622
705502
705504
706200
706311
706930
707242
707247
707387
708138
708251
710804
710874
710875
711040
712108
712109
712135
712895
712913
712917
712930
713180
713246
713247
713248
713765
714239
715006
715008
715009
715016
716695
716778
716781
719877
723108
724160
724325
726175
726256
726359
726361
726363
726425
726644
727161
727180
727382
727389
727450
728157
728240
728540
728702
728744
729077
730111
730453
730462
730506
733311
733331
733972
734071
734385
735526
735531
735726
735759
735763
735764
735765
735788
735789
735929
736636
736647
736648
736657
736665
736778
737159
737230
737244
737301
737668
737992
738075
738306
738695
739430
739829
741399
741520
741917
742782
742783
742785
742790
742791
742793
742924
742933
743214
743431
743996
744711
744893
744960
745356
745728
746217
746240
746509
746746
746747
746748
746796
748029
748319
753293
753516
753979
754467
754718
755182
755361
755385
755387
756323
756324
757026
757179
757275
757286
757398
757561
757562
757563
757564
757785
757791
757813
757820
757945
757946
757947
757948
757949
757992
758020
758061
758814
758847
759096
759240
759491
759600
759785
759844
760084
760086
760121
760261
760335
760336
760340
760393
760872
761018
761033
761373
761442
761443
761583
761662
761691
761718
761771
761774
761888
761889
761915
762311
762380
762486
762494
762658
762681
762765
762824
762826
762985
763443
763444
763563
763872
767353
767387
767510
767583
767607
769638
769692
770000
770048
770100
770105
770130
770153
770156
770171
770195
770365
770420
770421
770422
770424
770425
770985
771052
771105
771236
771265
771266
771389
771643
771662
771891
771892
771904
771912
771974
772003
772014
772054
772063
772244
772636
772711
772751
773374
773378
773387
773523
773524
773540
774289
774444
774445
774509
774515
774529
774702
774827
774836
774864
774879
775173
775218
775226
775228
775268
775358
775793
775959
775962
775982
775984
776063
776742
777119
777132
777260
777440
777473
777749
777773
777775
777976
778259
778363
778638
778705
778708
778949
778963
779132
779133
779178
779179
779310
779505
779586
779622
779623
779625
779626
779627
779628
779836
779891
779901
779902
779903
779904
780097
780100
780101
780111
780121
780215
780217
780218
780219
780222
780266
780424
780465
780540
780740
782750
782936
782961
783096
783307
783578
783623
783628
783634
783654
783655
783716
783758
783806
783807
783881
783884
783898
783903
783905
783910
783911
783912
783922
783923
783924
783925
783926
783927
783928
783930
783931
783933
783934
783935
783958
783966
783978
783981
783983
783984
783985
783986
783988
783989
783990
783991
784001
784002
784003
784012
784013
784026
784036
784053
784054
784076
784077
784078
784079
784080
784081
784085
784089
784110
784116
784117
784118
784119
784121
784123
784128
784129
784130
784148
784149
784161
784172
784176
784177
784178
784179
784184
784185
784200
784202
784307
784340
